0 0.1711676663031625 0.2666303162486368 0.09812159214830968 0.12977099236641224
0 0.18824809160305345 0.4269356597600872 0.0973947655398037 0.15376226826608502
0 0.18425054525627044 0.6548527808069793 0.10684351145038169 0.23446019629225745
0 0.2925477099236641 0.682660850599782 0.042882769901854065 0.2529989094874592
0 0.3187134678298801 0.6973827699018539 0.04142911668484189 0.27153762268266085
0 0.8569285714285714 0.2671755725190839 0.1482726281352234 0.5081788440567065
0 0.9354258451472193 0.2649945474372955 0.005814612868047959 0.008724100327153756
0 0.7246461286804802 0.30370774263904027 0.12501417666303216 0.4307524536532169
0 0.6207099236641224 0.3206106870229005 0.1090239912758996 0.39040348964013044
0 0.5298565976008724 0.34460196292257356 0.09012649945474381 0.34023991275899673
0 0.46226172300981455 0.3549618320610686 0.07268266085059955 0.32388222464558347
0 0.39684732824427493 0.35877862595419835 0.06977535441657591 0.30752453653217
0 0.8932699018538716 0.8026172300981458 0.16280916030534343 0.39476553980370727
0 0.7355485278080701 0.7758996728462375 0.13518974918211496 0.44820065430752415
0 0.5930905125408943 0.7857142857142853 0.11483860414394753 0.4285714285714285
0 0.5145932388222466 0.7606324972737188 0.08140458015267212 0.39585605234460225
0 0.45172273718647754 0.722464558342421 0.07777044711014185 0.3849509269356599
0 0.3928497818974918 0.703925845147219 0.0719558342420939 0.34787350054525645
